#1: isVisible #2: xoffset #3 yoffset (order of sprites is based on the spritecut sheet)
0 0 0 1 0 -1 1 0 0 1 0 0
0 0 0 1 0 -2 1 0 0 1 0 0
0 0 0 1 0 -3 1 0 1 1 0 1  
0 0 0 1 0 -4 1 0 1 1 0 2
0 0 0 1 0 -5 1 0 2 1 0 3  
0 0 0 1 0 -6 1 0 2 1 0 4
0 0 0 1 0 -7 1 0 3 1 0 5  
0 0 0 1 0 -8 1 0 3 1 0 6 
0 0 0 1 0 -9 1 0 4 1 0 7
0 0 0 1 0 -10 1 0 4 1 0 8
0 0 0 1 0 -11 1 0 4 1 0 9 
0 0 0 1 0 -11 1 0 5 1 0 9 
0 0 0 1 0 -12 1 0 5 1 0 10
0 0 0 1 0 -12 1 0 5 1 0 10  
0 0 0 1 0 -12 1 0 5 1 0 9
0 0 0 1 0 -11 1 0 4 1 0 9
0 0 0 1 0 -11 1 0 4 1 0 8 
0 0 0 1 0 -10 1 0 4 1 0 7
0 0 0 1 0 -9 1 0 3 1 0 6 
0 0 0 1 0 -8 1 0 3 1 0 5
0 0 0 1 0 -7 1 0 2 1 0 4
0 0 0 1 0 -6 1 0 2 1 0 3 
0 0 0 1 0 -5 1 0 1 1 0 2 
0 0 0 1 0 -4 1 0 1 1 0 1
0 0 0 1 0 -3 1 0 0 1 0 0 
0 0 0 1 0 -2 1 0 0 1 0 0
0 0 0 1 0 -1 1 0 0 1 0 0  
0 0 0 1 0 0 1 0 0 1 0 0
0 0 0 1 0 0 1 0 0 1 0 0
  
